1100010111110111
1000000100011000
1111101000010100
1100101010110110
0100011010011001
0011100001111111
1010001000010001
0100001011110001
0101110001010110
0001011011110010
1000000100100100
0000101011101011
0011001000100000
0101001100001110
0101100000100010
0011100000101100
1010101001010011
1110001110000001
1101001000110100
0101010100000011
0001100000001110
0010001000010100
0000001100100100
1000101010000101
0011001111001101
1100111011111111
0001111001100101
1111111101111111
1100111010010110
1111000111101001
1011010011101001
1110110000000110
1101111100000111
1101101100010000
0010110110001111
0001011000001010
1001100000000110
0001010010110010
1111001011100010
1100101011101000
1010010110000001
0110111000010011
0001100111010101
1001110000101001
0001000011101001
1111110100000001
1100001011101111
1111110100000101
0011101000000001
0000001111111111
1110001100110010
1101110011010010
0000001111111111
1111010010101010
1100110100000010
1111110100101110
0010010111111100
0000101100010001
0000100111100111
1101011111111001
1110000011011011
0010000100110001
1111010110111110
1111100011101111
0111111111100010
0000000011001001
1101100100100001
0000011100001010
1101011010110111
0000111100110010
0011101011101010
0001001111110001
0000110000001010
1000000111111010
1110000110111000
1110100111010100
1110110100000110
1111111100000001
1111011111111001
1111001000001010
0000001111110010
0000100011110011
1100110011111111
1110111011000010
1111111000000001
1110111000000001
0000000100000111
1111110111110101
0000010000000000
0000011000001101
0011101100001110
1000000100111110
0011010100001100
1101001000010011
1101111111011100
1011100111111011
0000101000110100
0010010010111111
0010001100001010
0000110111111101
1100100100110010
1110100011100111
1110101110100011
0001001000000111
1110011100000011
0011110100011000
1111110111011010
1000000111110011
1000000100000011
1110010111101000
1110011111011110
0001000000010001
1111001000000111
0000000111010111
1111100011100000
1101011100000000
1110010000000000
1110100111110001
0000100111111011
1111100111111100
0001100011110010
1111011000011000
0000000111101011
1111100000011010
0010000011101111
1110111000001011
1011000100001100
0001001111110101
1110110100100000
0010001010011100
1100101011100010
0010110100010100
1110110000011001
0011000111111101
1000000111001010
0000011011000101
0000100000010011
1111110100001011
0000110011111000
0000001011011110
1111000111011110
0010000111110000
1010100000001001
0001111110110101
0000010111111101
1111010000000111
1110101011110001
1000000111111000
1111010111110010
0001010011110001
0010011111110110
1111010111101011
1110101000010101
1111100111110010
0000100000000010
0000110000001001
1111101011110110
0000001011011001
1111011000001001
0000001000001100
1111110100001101
0000010011100010