[[[[  50]
   [   0]
   [ 109]
   [   0]
   [  32]
   [   0]
   [  32]
   [   0]
   [  32]
   [   0]
   [  32]
   [   0]
   [  32]
   [   0]
   [  50]
   [   0]
   [  56]
   [   0]
   [  92]
   [   0]
   [ 117]
   [   0]
   [  48]
   [   0]
   [  48]
   [   0]
   [  49]
   [   0]
   [  98]
   [   0]
   [  91]
   [   0]]

  [[  48]
   [   0]
   [ 109]
   [   0]
   [  32]
   [   0]
   [  92]
   [   0]
   [ 117]
   [   0]
   [  48]
   [   0]
   [  48]
   [   0]
   [  49]
   [   0]
   [  98]
   [   0]
   [  91]
   [   0]
   [  51]
   [   0]
   [  56]
   [   0]
   [  59]
   [   0]
   [  53]
   [   0]
   [  59]
   [   0]
   [  54]
   [   0]]

  [[  54]
   [   0]
   [  59]
   [   0]
   [  48]
   [   0]
   [  51]
   [   0]
   [ 109]
   [   0]
   [  35]
   [   0]
   [  32]
   [   0]
   [ -73]
   [-125]
   [ -42]
   [  83]
   [ 118]
   [  94]
   [-109]
   [-113]
   [  -6]
   [  81]
   [  67]
   [ 103]
   [ -51]
   [-111]
   [  92]
   [   0]
   [ 117]
   [   0]]

  [[  48]
   [   0]
   [  48]
   [   0]
   [  49]
   [   0]
   [  98]
   [   0]
   [  91]
   [   0]
   [  51]
   [   0]
   [  57]
   [   0]
   [  59]
   [   0]
   [  48]
   [   0]
   [  48]
   [   0]
   [ 109]
   [   0]
   [  92]
   [   0]
   [ 110]
   [   0]
   [  92]
   [   0]
   [ 117]
   [   0]
   [  48]
   [   0]]

  [[  48]
   [   0]
   [  49]
   [   0]
   [  98]
   [   0]
   [  91]
   [   0]
   [  48]
   [   0]
   [  59]
   [   0]
   [  51]
   [   0]
   [  50]
   [   0]
   [ 109]
   [   0]
   [  45]
   [   0]
   [  45]
   [   0]
   [  45]
   [   0]
   [  62]
   [   0]
   [  32]
   [   0]
   [  50]
   [   0]
   [  57]
   [   0]]

  [[  92]
   [   0]
   [ 117]
   [   0]
   [  48]
   [   0]
   [  48]
   [   0]
   [  49]
   [   0]
   [  98]
   [   0]
   [  91]
   [   0]
   [  48]
   [   0]
   [ 109]
   [   0]
   [  32]
   [   0]
   [ 119]
   [   0]
   [ 101]
   [   0]
   [ 105]
   [   0]
   [ 103]
   [   0]
   [ 104]
   [   0]
   [ 116]
   [   0]]

  [[ 115]
   [   0]
   [  32]
   [   0]
   [  92]
   [   0]
   [ 117]
   [   0]
   [  48]
   [   0]
   [  48]
   [   0]
   [  49]
   [   0]
   [  98]
   [   0]
   [  91]
   [   0]
   [  51]
   [   0]
   [  56]
   [   0]
   [  59]
   [   0]
   [  53]
   [   0]
   [  59]
   [   0]
   [  50]
   [   0]
   [  52]
   [   0]]

  [[  49]
   [   0]
   [ 109]
   [   0]
   [  61]
   [   0]
   [  92]
   [   0]
   [ 117]
   [   0]
   [  48]
   [   0]
   [  48]
   [   0]
   [  49]
   [   0]
   [  98]
   [   0]
   [  91]
   [   0]
   [  51]
   [   0]
   [  57]
   [   0]
   [ 109]
   [   0]
   [  32]
   [   0]
   [  92]
   [   0]
   [ 117]
   [   0]]

  [[  48]
   [   0]
   [  48]
   [   0]
   [  49]
   [   0]
   [  98]
   [   0]
   [  91]
   [   0]
   [  52]
   [   0]
   [  51]
   [   0]
   [ 109]
   [   0]
   [ 105]
   [   0]
   [ 110]
   [   0]
   [ 116]
   [   0]
   [ 101]
   [   0]
   [ 114]
   [   0]
   [ 112]
   [   0]
   [ 114]
   [   0]
   [ 101]
   [   0]]

  [[ 116]
   [   0]
   [ 101]
   [   0]
   [ 114]
   [   0]
   [  92]
   [   0]
   [ 117]
   [   0]
   [  48]
   [   0]
   [  48]
   [   0]
   [  49]
   [   0]
   [  98]
   [   0]
   [  91]
   [   0]
   [  52]
   [   0]
   [  57]
   [   0]
   [ 109]
   [   0]
   [  92]
   [   0]
   [ 117]
   [   0]
   [  48]
   [   0]]

  [[  48]
   [   0]
   [  49]
   [   0]
   [  98]
   [   0]
   [  91]
   [   0]
   [  51]
   [   0]
   [  56]
   [   0]
   [  59]
   [   0]
   [  53]
   [   0]
   [  59]
   [   0]
   [  50]
   [   0]
   [  52]
   [   0]
   [  49]
   [   0]
   [  59]
   [   0]
   [  52]
   [   0]
   [  51]
   [   0]
   [ 109]
   [   0]]

  [[  46]
   [   0]
   [  92]
   [   0]
   [ 117]
   [   0]
   [  48]
   [   0]
   [  48]
   [   0]
   [  49]
   [   0]
   [  98]
   [   0]
   [  91]
   [   0]
   [  51]
   [   0]
   [  57]
   [   0]
   [  59]
   [   0]
   [  52]
   [   0]
   [  57]
   [   0]
   [ 109]
   [   0]
   [  92]
   [   0]
   [ 117]
   [   0]]

  [[  48]
   [   0]
   [  48]
   [   0]
   [  49]
   [   0]
   [  98]
   [   0]
   [  91]
   [   0]
   [  52]
   [   0]
   [  51]
   [   0]
   [ 109]
   [   0]
   [ 103]
   [   0]
   [ 101]
   [   0]
   [ 116]
   [   0]
   [  95]
   [   0]
   [ 116]
   [   0]
   [ 101]
   [   0]
   [ 110]
   [   0]
   [ 115]
   [   0]]

  [[ 111]
   [   0]
   [ 114]
   [   0]
   [  92]
   [   0]
   [ 117]
   [   0]
   [  48]
   [   0]
   [  48]
   [   0]
   [  49]
   [   0]
   [  98]
   [   0]
   [  91]
   [   0]
   [  52]
   [   0]
   [  57]
   [   0]
   [ 109]
   [   0]
   [  92]
   [   0]
   [ 117]
   [   0]
   [  48]
   [   0]
   [  48]
   [   0]]

  [[  49]
   [   0]
   [  98]
   [   0]
   [  91]
   [   0]
   [  52]
   [   0]
   [  51]
   [   0]
   [ 109]
   [   0]
   [  40]
   [   0]
   [  92]
   [   0]
   [ 117]
   [   0]
   [  48]
   [   0]
   [  48]
   [   0]
   [  49]
   [   0]
   [  98]
   [   0]
   [  91]
   [   0]
   [  52]
   [   0]
   [  57]
   [   0]]

  [[ 109]
   [   0]
   [  92]
   [   0]
   [ 117]
   [   0]
   [  48]
   [   0]
   [  48]
   [   0]
   [  49]
   [   0]
   [  98]
   [   0]
   [  91]
   [   0]
   [  52]
   [   0]
   [  51]
   [   0]
   [ 109]
   [   0]
   [ 108]
   [   0]
   [  97]
   [   0]
   [ 121]
   [   0]
   [ 101]
   [   0]
   [ 114]
   [   0]]

  [[  95]
   [   0]
   [ 105]
   [   0]
   [ 110]
   [   0]
   [ 100]
   [   0]
   [ 101]
   [   0]
   [ 120]
   [   0]
   [  92]
   [   0]
   [ 117]
   [   0]
   [  48]
   [   0]
   [  48]
   [   0]
   [  49]
   [   0]
   [  98]
   [   0]
   [  91]
   [   0]
   [  52]
   [   0]
   [  57]
   [   0]
   [ 109]
   [   0]]

  [[  92]
   [   0]
   [ 117]
   [   0]
   [  48]
   [   0]
   [  48]
   [   0]
   [  49]
   [   0]
   [  98]
   [   0]
   [  91]
   [   0]
   [  52]
   [   0]
   [  51]
   [   0]
   [ 109]
   [   0]
   [  41]
   [   0]
   [  92]
   [   0]
   [ 117]
   [   0]
   [  48]
   [   0]
   [  48]
   [   0]
   [  49]
   [   0]]

  [[  98]
   [   0]
   [  91]
   [   0]
   [  52]
   [   0]
   [  57]
   [   0]
   [ 109]
   [   0]
   [  92]
   [   0]
   [ 110]
   [   0]
   [  92]
   [   0]
   [ 117]
   [   0]
   [  48]
   [   0]
   [  48]
   [   0]
   [  49]
   [   0]
   [  98]
   [   0]
   [  91]
   [   0]
   [  49]
   [   0]
   [  59]
   [   0]]

  [[  51]
   [   0]
   [  50]
   [   0]
   [ 109]
   [   0]
   [  32]
   [   0]
   [  32]
   [   0]
   [  32]
   [   0]
   [  32]
   [   0]
   [  32]
   [   0]
   [  51]
   [   0]
   [  48]
   [   0]
   [  92]
   [   0]
   [ 117]
   [   0]
   [  48]
   [   0]
   [  48]
   [   0]
   [  49]
   [   0]
   [  98]
   [   0]]

  [[  91]
   [   0]
   [  48]
   [   0]
   [ 109]
   [   0]
   [  32]
   [   0]
   [  92]
   [   0]
   [ 117]
   [   0]
   [  48]
   [   0]
   [  48]
   [   0]
   [  49]
   [   0]
   [  98]
   [   0]
   [  91]
   [   0]
   [  51]
   [   0]
   [  56]
   [   0]
   [  59]
   [   0]
   [  53]
   [   0]
   [  59]
   [   0]]

  [[  50]
   [   0]
   [  56]
   [   0]
   [ 109]
   [   0]
   [ 112]
   [   0]
   [ 114]
   [   0]
   [ 105]
   [   0]
   [ 110]
   [   0]
   [ 116]
   [   0]
   [  92]
   [   0]
   [ 117]
   [   0]
   [  48]
   [   0]
   [  48]
   [   0]
   [  49]
   [   0]
   [  98]
   [   0]
   [  91]
   [   0]
   [  51]
   [   0]]

  [[  57]
   [   0]
   [ 109]
   [   0]
   [  40]
   [   0]
   [  92]
   [   0]
   [ 117]
   [   0]
   [  48]
   [   0]
   [  48]
   [   0]
   [  49]
   [   0]
   [  98]
   [   0]
   [  91]
   [   0]
   [  51]
   [   0]
   [  56]
   [   0]
   [  59]
   [   0]
   [  53]
   [   0]
   [  59]
   [   0]
   [  49]
   [   0]]

  [[  50]
   [   0]
   [  52]
   [   0]
   [ 109]
   [   0]
   [  92]
   [   0]
   [  34]
   [   0]
   [  92]
   [   0]
   [ 117]
   [   0]
   [  48]
   [   0]
   [  48]
   [   0]
   [  49]
   [   0]
   [  98]
   [   0]
   [  91]
   [   0]
   [  51]
   [   0]
   [  57]
   [   0]
   [ 109]
   [   0]
   [  92]
   [   0]]]]